1000000 trials run! Expected points for X drawn cards:
E(0) = 0.0
E(1) = 1.0
E(2) = 1.738616
E(3) = 2.265248
E(4) = 2.619416
E(5) = 2.843728
E(6) = 2.96733
E(7) = 3.022888
E(8) = 3.035242
E(9) = 3.02359
E(10) = 3.003872
E(11) = 2.986526
E(12) = 2.979402
E(13) = 2.98667
E(14) = 3.005018
E(15) = 3.026188
E(16) = 3.035326
E(17) = 3.02432
E(18) = 2.967388
E(19) = 2.842998
E(20) = 2.620942
E(21) = 2.265382
E(22) = 1.740294
E(23) = 1.0
E(24) = 0.0
